1000000001000000000011000000011000000000000000000000000000000000 0000000000000001000000100000001100000100000001010000011000000111 0000100000001001000010100000101100001100000011010000111011111111 0000000000000001000000100000001100000100000001010000011000000111 0000100000001001000010100000101100001100000011010000111000001111 0111111110111111111110111111100111111111111111111111111111111111 0111111110111110111100011111101011111011111110101111100111111000 0000000000000001000010100000001100000100000001010000011000000111
1110100101000110000110001111111010101000010111001000111110001110 1000100001000001011101000010000011001011001011011011001101010111 0011111111111111111111111111111111111111111111111111111110010101 1011110000011000010101000010011100000011100000110000000011110000 0001110100011100000111000001111000011000000111000001110000011100 1001011111111100100011110001100010010100000100001100111101111010 1000101010100001111100110000011101010111101000110111000000100011 0001110101011101011111000001111111000011101100111011111101011001
0011010010011000111000011110110001001100110110110100100101010010 0010000000010001101010100001110111000011110010100100010010000001 0010100011000010110101111101010001011001111001011011111011000111 0111110001111001010000100110100000101110101111100101011111011110 1110011011111111011010110101011101110110110001111101101001001100 1001011111011110100101110010101000010100000111111111101100110100 1010111100001111011101000101101000010111101010001010010011100001 0011100011010001111000110111000000000011101101110101111111010101
1000010000010100101111101111000011000010011101111001001100110000 0111011111110101000010111010000001101101011001010001001010100011 0010101010101001010101000001110100101011100011110000110110010000 0100100010101010010111000111010100000001011111101110000111110011 0000000000101111111110001100110101100111010101011111010110000101 0100010000111000111010100110111100010011111100001000111011101110 0010111010010101000100101110101001111000101111001001111101101101 0110101010101101111110001000010101101011010011000001000110000011
1110011011101110011101001110110110101001000011101000111101100001 1010000111010011011001001111010100011000111000111001111111000010 1101000101111111100110001010110010011011111000101101110111001011 0100010010001111010110111101100100000001010111110111110101101101 0100111100100000000110010110000001100100001011110111100010101010 1011111011100000111011100101011101101110000111001101001000111100 0111110110010001111101100000001101010110111111110000101010110110 1100001101110001000110000101010000111000111000111101100010001010
0011110000100111101010010101100010001000101100010100100110110100 0101110100001011001111010101100000101010110001001101101101100011 0001010001011011010011100100101100001100110100101001100110011110 0000001000010011000101011110011100000010001101100110010100100010 1110000100010011111001110100101000000100110111001011011011111101 1011111011010000110111111011011001011111001010000100100010111100 1000101011001011011000101111010101010101010111101101000000001010 0011010000011011101111010100001100001010011101101001100010110110
0101101010111000000010101011101010110011000101110100011011100000 1100101001001000101011101100001111011111010001111101010001111011 1000000100100110011001000010110100100000110001010011110000011001 0011101001011011010011100011011101010111001100001111011000010010 1110101001011111111000010000101100010000110100111000001110111011 0001111100011110010110111001101111010111101111000100101111010100 1100010101010100001111111000010010000011111110101111101101101111 1101101001001010011001000001111101010100010001101011000010111011
0011000010011111110010001011100010000100011010001111010111111111 1000100111100000011011010110101111011101001111010110011010110000 1001111100001101000010000100010111100100111000111110010111110001 1011110011110011110110010010000001101110110111111000011011010110 0011011000110101010000100001101000100011000110101010001100010111 0110011011010110110100110011010010101000001011100100100100100111 1111101110110001000100100110110101000000100100011000101000010110 1001110101100111110000010101100111101000101111111100001100110001
0010111011100011010100010011000010001110111101010010110101101110 0010000111000111100110001100111011100110100010111011001100001001 1110000100110001100011101100110100001011101011010111011001101110 1011100011000110111001000010001000001110010001000000000001111010 1001100000001011000101111000110100011011011000100101011010100101 1100100011011110011001110010001110010101111000010110010110010100 0100100111011000101110101100110110011111010010000101001110110000 1000000100000110110111011110111000001010101010010011011000100100
0101001111100010111101101001011011011111110101010110000100011111 1011001100010110000010111101100011000011011000101101011100101111 1101010001111100100001001010000001000110000010010011011111001010 1001010101101110000101001100100111101111000100110011011110011110 0110100100110010011010000101000111000010010100000110111001000111 0100101100000011011100100010100010101001000110100000111001010100 1000111000111101000000100111000001100011010110000111100011000011 1100010100111110011100000101100011001010010000100111011010010111
1101110111110100110000010111101110000100011001110010111011001100 1100110110011011111100011001010001101101101100101100011011000100 0110011100000101100000001011111010011010010101010010110111110001 1001101010101111000110001011000000111011110100010000101101000010 0100000111010111010110011011111100010001110000010110011111010011 1011110011101001100001101000101100110100001010100011001100110101 1010101000010110010101110011010000001111111110110001000001110101 0001011011111111110100011011111100111011110100010010001101000000
0000101110110000111110111001101111111110100001100010110111010111 1010101110110010111011011111010000100000100010111010100100101000 1111001001111001111011110000100001100100001101000010100111111100 0100110110001011110100100100100000010100111011000100110100000001 0011011001110100111000000010101001010100010010011001101110010101 0001100111000110000110011101001001110001100100100111011010010101 1111100111001101110001001001100000010101101110100101101100101001 1110000000001011110111010100101001100100001010000010110110111100
0011110010000011000011111011111011110011101000010110010100011011 0100100001111011011001001000010101010100001100111011111100001110 1010100000111000101110101100111010001101000000010001001000101001 1101110101111100111001110010000010000011011100000010001000010111 1001101100010111000101010110111011011110010101010111110011100110 1101011001010000010101011110101000001010001011000110000111111010 0001101000101011101100010110000011011110001111000001011111100100 1100110001111011111001001000101011010100000100000111011000011110
1100100010011111111001010001001110110010010010011011100100001111 1011101110101000111000111000100111100010000111110010010101011010 1111001100010110010101011100000010101110010001110010100111111101 1100000011100001110001001110100101011011000001001110010001100011 1100110110011010000001000001101111100010101110111011010101001001 0000010011110011101110010011011100010101101000001101001011000010 1111111101001000101111001110110001001111101011101110011010110011 1111101110111011000001011101101101011010000011100011010001110001
1000110001011101010001000111110001101101111001000110111110000101 0100101001110011101101101110111100110010000110100011101010011110 1010010110011111100000000101000010001010110111101110000000100011 0001110110100100010000010100111010110000110001110110011110100110 1110101100110001101111001100111111100100110111101111110100110011 1011100101000000010010010010110011110100000000111000011111100111 0011000011100010100011010110001000000010110111011110111111000100 1000100110100010110001000100111011110110110111100110100000100011
1011111000011001010001000100000101100001111010100001101000010000 0100010001101100101110011111011110111011111011000000001101001001 0100010011001011010001101111011010000110101111101110110111001100 1100100110100001100011111010100011110000001010010000100111111101 0010001111001000111110101110001110110010001010101100001010000101 1010111010100010010000111010100011100101110100111110010010110110 0100000001000010100010000001111100010111011111011110011101101011 1110111011100000110010111011011111110010101011100000001111011101
0101011101001100011010000100110100111101000100101010000001010101 0110101010010100011000000111110010001100100011101111101110100011 0101100011101100000010010010000111010111111110101000010100111110 0001101101011111110000101000011110001001000010111011010011101100 1100010000100100111010010001001001001110101011101011010100011010 1000011100110011010111111100110001001010011010010010010011011001 1000101010100111001101111110110011000010111000111001000100100011 0000110110010100011010000010000010001000100010101011010111111010
1111110100010000110001010010010111011101111010101010100111011110 1010010001010000101011010111010001101111110000110001100011000010 1100110101010010111111101001010101011000101100001111111011101100 1101100000001001001101011100001110000101101010101011110111111100 1100000000100101010001101101011110001010011010110101001100100101 0011011010111110110000111010100011000101000111100101001100110011 1110001011101110001111110111100110000101011111000100011100000111 1101010001010000111111001101000101000000011000100001010000110100
1011000100110101011100110000011011010100010001100111100000111110 0100100001001101011011000001001101100101101010100010111101011111 1001111111101110011111101011011110001000101000001100001111000001 1110110010100011011000010110001010001111110010000101101110111111 1010001101001111010001100101100101101011000000001101111100101011 0110001100000011100000111000100000001100010110111011101100111111 1010111011001000110011001011100101000101101100111111000011110100 1100110111001011010011110011000101001001111010000100101111001011
0110110100110110100011000011111010011001001010100111010100100110 1001110110011100001001110100111100000110100001011010111011100001 0011101000110100110111010100111001000010010001001000101000001011 0010100001000100011001100010110101001101110011111110110111000110 0010011000110100100011011010001110111100001010111011100101110000 0000001101100001101110101010000010111001101110101111110110011100 0011011101000101010101011110000101101110010111110000011101111001 0011010000100100111011110100000111010111111001011111101011100101
1010011010011100110011101001011101101000010010101100110110010110 1110011111111000101110000101101001001111011001100000001110000011 0110010000101101110101000111001111111110101111011101010111100011 0011011101000010010001100101010111011000000111111100010000011111 0101001110100000101001000110110001100001010010111100000010011101 1000101001011011000010110110011000100000100000110011000101110101 1100100110110011000111010010010011010110111111001111000001110100 0100001111101000000101100100001011110110011111111100000100000001
1010001001011011100110000001100100011100100000110111100110001000 1011100110100010110001111100010010100111011000011000101001100111 1101111000111101000000101100111010100001011010111010110101011101 0001010101001001111110101110001100101100010111000001111011110010 0111111000010001101011111101111010001101111111110111001100110111 1101011101010110110110101111101101001100110010100111000110010000 0110100000100111000010000010010011101001001000001001011001100111 1011111101110001110100101101111110100101111010101110011111110111
1010001001011011100110000001100100011100100000110111100110001000 1011100110100010110001111100010010100111011000011000101001100111 1101111000111101000000101100111010100001011010111010110101011101 0001010101001001111110101110001100101100010111000001111011110010 0111111000010001101011111101111010001101111111110111001100110111 1010110011010101001010101011010011001001111010101100001011100110 0011000001110010100110100110011010100001101001100101010000010010 1001110010100111101100001101001001101000010011001001011011110100
0010010110100111110110101100100011101000011100001110111111111001 0111111000100111000110101101001011101100001110010011111010010100 1000100010000001111000001110001001100001100111001011111110011101 1001110001011100111011110101001110111010010111000110110101110101 1101111010101110101101010110000100111110000010001101010000010100 0001110010010110110011111100111001110010111101101000000010100001 1000100010011101111001001100010000100111010110101011010010001111 1001010000001011001010110000101001010101101011000011010000101110