1000000001000000000011000000011000000000000000000000000000000000 0000000000000001000000100000001100000100000001010000011000000111 0000100000001001000010100000101100001100000011010000111011111111 1100100111101000100011000011110001011000001110001000110111001010 0010000000110001111010011000011111011100001001111101101110111100 1111011111010110011101011111010010101011110100100111100010111000 0111111110011111011110111111110110100111110111110111011001110111 1000100001001001000011100000100100001100000011010000111011001111
0101001010001110101100010001000001011011011111100010100000110010 0101100001011011000000101110101000000010000110111110001010011101 1111001101001010010001110001011110011011110001110011010111011111 1110110100101110011000010000011001010011001011111001110101010010 1101111011001000110110101101111111001101111000111000000001100010 1000001010100100111111000001011111101100111110010010100001100000 0110100101101000000011100000000111100101101110101001010110001111 1110101111001100111100100001011000001001010000111011110111101111
1010100110010010010101100100000001101000101010101100001010100100 1100111000110101101011110000111100001010000011011000110101111110 1001000000100001100010000011010101110000001110010011000010100011 0011000111110001101011011010010000110000001000010100000111011011 1110010111110111001000111010000110110011010000100011110011011111 0010100110111011000001000011000010011101010110101111000100100011 0011100110001000101011110001010110101101010100011011000011011100 0001000000110011101010110010010100110000000010110100000111111111
0101011111000111000111110011010011100001101100101110101001001111 1001101101111000011010001000100010100010000100110111110100010111 1100111010001100100000001100110100010101110101111110010000001110 1001110011010110110010000000000010110010100001001111110101000110 0101001101111011100110110011110110010100010010111011101111111010 0111000001000011110110110111011110111110010110000000101011101001 1010100100011010000000001100101100101100010011011011010111100011 1101100101011001110110111011110010010010000101011011111100001010
0100110010111110111011010101101000101110010111010111110010000001 0100000011010101010101110111001100001011111111100000101101010111 1110011000010111100011101101011011110111011110011001011101010100 1100100001001010011101001001100001010101100100110101000100100110 1111011010010110100001110111111110000000101011101000011011110110 1011111101001000111100000000110010001010010000001100110010001101 0111001110000011010001111001110011011001101001101000101101011011 1100110011001011101101111001000001010011111001100100011111010110
1111100100001100011000100010011011001100011100010110100000110111 0010011111101011001001111101000011011000110101001110101100000111 1110100111000011110100010011011110110100111100111100010010001011 0001110101100011010001010100110110000110010101111001110010110111 1000010000011111111011011001001111010111101001101011000110001110 1011000000110111100110110100101100101001001010101100100011111100 0000010011011000111111100001100011111101100011000010110001001010 1011010011101111011001010101001111010100101001101110010010110110
0111010010011011001100100011111010111100100110010011011100000100 0000101010101010010100100101010101000101111100101110000011011011 1000011111101001010111111100100110001000010011010110101010010101 1011101011000000010100101011010010111001101101101110111111001000 1010101111101011010110010000100000110011000111110010011101100101 1011001101000101110011010011110000110110101111011000010100101100 0010100110100110100111011101010100110111110000100110111111110001 1001101011100011010100001110100100000001011111111110101011011101
1101100011111001000100010001010101111011111111011001111111000100 1110010000100100101000111010111010011101011100010101000000000000 0001101110010010010110010011001100000100101011001110101000001111 1011101011110111111101000101001111100000100010111000110111111101 1000000101100111001101010101111000101010110001000100101011101010 1110000101100011100010000000001011110011001101110011011111011010 0100001101000101011110000011010000111101110100110111100011010011 1010001000100110111100000011011011001110111001000100111100001001
1111000100010001011001100010100101001011101001110011010111110000 1111100001111110100010100101011001101001101110111010111111101011 1100100111101000101000100100100011100011111001001001110001101100 0100000010100010001110100110110100010111111110101101110001010000 1110010000101100001001011100111110011111010011000000000010111000 0001011000110010000111011110000111000000010101110110000100010100 0111111011011000101100011000110110101011000010111110100110011100 0110100011101010101011000110110001101011010111001000100010001000
0000011010000110001011110010011101001110100111011010100000101001 0111100110101001010011011001110110010000010011111011011010111101 0001111011111110101011000001101110001100100000000011100111100010 0011110011000111101101111110010000000111011000100001010010111000 0000001100000101110111011011011011100001010000110111110010101100 1010001000010000100000110110011101100010001011001101100111011011 1001100001111101000001001111100010100000011011111100010101100011 0011101001101101100001111001111111000010010000110001110010111000
1100000100101011001000111111111011110000001101000110000110010001 1010100101111100001000001110100000000101011111110101110100011011 0100010000010010110111000000011100101110101001010101000011001110 1011001110110110100001101101101010001001011101100000001011000010 1011000000011110101000111011010101011101111011111111111110001011 1000011110110000110110111101110111011010100100001010000000110110 0010011110101110011111100111100100000111111101111001000111111101 1010000000011110101001011010010011011101011001110011000111001011
0100010011100111101001110011001001010101101000111101000011011111 1001000000000100100010101001011110011101000110110111100100000110 0001011110011111110101111010011110010110111110001011100011000101 1101010111001000011111010000010011110110110110000100011001000011 1111110100011101100110110001101001101111010100010011011100110010 0111101101011001001100000100100001000010010101100100000000110110 1110111000010000010010011101110111000101000011110110100000100000 1001010101001001011110011001010110000111010110010010100000010110
0001111001011011000110101010111001001110001000101111001011011111 1011100110101000111111110111001010001001011000001001010011111001 0100000100000001011111100011011101011000011010101111001001001001 1111110001001001000101101001010100001100111111111100111100010011 1000001000000111100011000111111110111011001000000000111100011101 0011111001001110000001001001100100110110100101010001000011010110 1101100100001101011000000000010000111000111111010000011010000001 1110011101000011011001001001110100001110011010000001011001010111
1100001100111000001010100011001001001101001000101000110101100010 0000000001011111101111011000001101010100101100101111100100000101 1000101111101101110011100110001110010001011110001000001101100110 0101011100100000011001010101011011001001111010111011111001110000 1101010100001110111100011100111100110101011011110100100011001110 1110100010010000011010000101100001101010110011100011110110011010 0110100111010101100001010000101111110111001101000000001011011100 1000000101000101111011010101001110011101111110100011111101000110
0110110111101111100111011110100111011011000000010101100100110111 1001011011001011000011010011100000111110101100001111111001000101 1100010110110011100111101010111101010001000100011110000001011101 0110110100010000010010100010111000001000000011110000001010001010 1011000010011111011001001001110110010000000001111001000011111010 0010100001010100001000011000010110001010010010000100101000111111 1010000001001000001000110000101000001010010110011011100001000010 1000100000011100000000101000111110000000000100011111001001111101
1100010100000110001100110111010000011010110100100110110111111000 1101010010111011001010111001010010110101001111011001100111011110 1111111011111100010011011010011001100100011100000011000001011001 1001011111001011010111101110110000111001101100111011010100001010 0110001101101100011111101011110011100011100011100101011100101101 0010101101001111110111111100001101111010100000111101111111110011 0011100110110010101100000011011101010101101000100000111010001001 0001001011111101011011111111010000101111001000011101000101111010
0101011100100000101100010011111111100111111101010000111111111111 1100000110111101110010000000110100000101100101010001010101100001 0001100110000100100101111101010001101101010100111110011010010110 0110001011101011110000101010001101110000100100111010111100110000 1101110100010001011000000111000111000001011100100100000011101010 0111111001101010001001000111111110011100111011100100100110101011 0010100011100111010001101110100001011000100111001110000101000001 0101011010001101011000101001011111000100011100101010100011101010
0000010101000101011000100101001111010111110010110010100100100000 1001100110001100011110000101001001000101101011101000111011101100 1110110101010110100110100100110011000101001011001000111100110101 1010101111001110000011110011110001100000100001111001111101010110 1110001001010010001111110111100111001010111011110010011100010000 1110000010111010110010001001101110101111110101110111011001110011 0100100001110000111100101000011001101000001100011101000100000111 1010100011001010001110100001110111000111111001101010011101110100
0110100011000111110011111100010001101011001111001010101001100100 1011011011010001111001101100111011101011110101000111101011000011 0011010110000011011011111100011000001100010010110110011011011011 1100101010010110010011010010111010100101000100101101110101100101 0100111101000011010010010010100110000100000111110111011011110011 1110100100111100100100101101000101111111000110111100110100111101 0101111101101010111110010001101111110011010001010001100111111010 1011011001010110011010111100101010001100010111101101010011000111
1011011000111100110110000001101110100111101000101111011010001011 0001010001001011101111011110101101010100101011101101110000111101 0001000011111101111111000101011011001100001110101001011001001101 1100111011101001110100001101110010011100001001100101100100010010 1011101100111111100000000000100111000000100100001111100011110111 1110011100010101000010101000101000010000010101010110010111001010 1100011111101000101001100100010111001000110110010001100101010110 0010000011111101101011001100111111011000100011000111110010011100
0101011000010101001111011011100100011100001000011111101000010001 0001010101100011110001010100001001000101011111111010001101110110 0000010001011001000111111001101110111000100110010111001111110010 1100101001111011101100101110000001110011000010100100011010100001 0011001101110011110101011110111011000110100100001100101001111101 1110111011000000001000000010110010000001101000110010110000101001 1011101010111011100100101110011011100100101110001100011111001011 0101010001111011101100101100101001100101000110111110101111100010
0000111111000101001100110110011011100111100001000111100101110011 0011000011110110001001110100011001111000000001000101000001001001 1010111101011000110001011011110001100111110101110101001001000001 1110111101110000110110111001110011001011011111100001100100111100 0111001110000011000110101100110101001010110000010010001101100000 0010000000101101001100101000101110100000111010011110111110111101 1000001110011100111101000101011101001010001110111000011110100100 1010001110110001110001101101110011101010110100100110100000011001
0000111111000101001100110110011011100111100001000111100101110011 0011000011110110001001110100011001111000000001000101000001001001 1010111101011000110001011011110001100111110101110101001001000001 1110111101110000110110111001110011001011011111100001100100111100 0111001110000011000110101100110101001010110000010010001101100000 0110000000011110100010000111000010101000110011110011100000010101 0010010110100101100110110000001010011001100101001111111001001100 0100010110111011000100110111001000110001010110111100011001011001
1111000111011011111000111001000100101110001110110100110100000101 0001111010001011000100011111101101011010000010010100101110110101 0001010101111000010110111001001110000011011110011000011101001000 0110000100100010100001111110010100010011110101001001111001011111 0011111110010011100111110000011011110000010100100110010110000011 1111010011000100110111000110001101010101101101111101000110100111 1111010011000100110111000110001101010101101101111101000110100111 0000000000000000000000000000000000000000000000000000000000000000
